55735
45877
29808
52207
35335
41366
63530
60253
62132
24120
35411
49659
31808
49807
9715
11716
29948
34175
3887
62326
4076
20883
52192
3178
33215
30312
55634
15125
6608
28161
51058
62343
8502
15330
49014
43837
56696
47008
38554
53292
5592
8429
37416
37400
58236
47131
49116
22649
15770
53003
19439
19846
8351
6095
23025
41566
36407
13123
56692
43015
41284
42214
39822
49786
57545
23300
28087
48705
4772
1105
36462
10365
9534
8342
47765
2235
55473
31346
24884
5707
18813
44323
25553
27164
50419
48578
3195
21290
61701
59887
64306
37449
36565
38592
21699
28574
61893
49786
11744
1129
50891
48206
11494
60426
56548
59260
62661
46485
25070
22009
52192
43883
796
12209
5512
51215
60788
8707
6970
56953
3058
5740
28867
39623
44332
50566
2662
40689
34817
14406
41819
20172
62612
53313
15062
53624
47037
12187
34573
6571
34196
21229
50455
34993
33438
55967
20672
28690
64674
27642
20108
2196
33382
48975
41819
12179
34005
44481
52868
3286
58887
29151
23459
55963
16929
38521
44051
63966
50709
13088
5002
19369
34317
55457
54362
2220
45888
9499
30910
45026
37141
51018
47222
4988
34457
23505
17167
2927
2451
4499
6213
61338
33651
29672
51766
50580
2658
30281
49010
53367
43370
54012
7200
12151
43933
61563
14371
24285
5526
45282
3775
42667
30764
50997
47655
65222
8967
64822
2613
11418
3786
8826
7220
37437
38499
58986
22481
41157
23732
5955
28988
1566
59968
36188
13717
38365
32215
28089
62651
37741
7835
890
14873
38599
51888
62528
38285
60855
61815
40898
6737
65
49725
13957
37502
22688
7408
59983
63845
31140
402
27297
32706
60370
63485
46423
33200
30165
8976
30315
2370
16811
31205
17243
55411
17557
14236
28160
12876
10515
3523
19613
10580
53248
33571
48082
10400
40979
42529
8709
6583
42931
36006
39289
37766
33955
20176
5430
64120
29153
35745
955
45964
1414
18198
35839
18972
32434
64000
31848
42949
1987
51462
53529
55235
19497
36075
99
60476
13068
8808
1523
56000
44814
40812
28230
13233
60988
33660
11818
24605
3869
12773
5034
5283
30971
40873
24255
63406
39337
56104
40819
41324
42030
28813
31023
61527
64888
31122
56467
12421
39930
57990
2885
19208
33266
31115
32442
28718
64775
44260
53324
3108
57033
58358
8391
22468
33695
32647
20338
7497
23215
61158
48821
65245
24435
14309
61236
23787
45431
52167
36208
19826
44621
39093
39034
12351
4672
5940
41069
3911
50200
28857
7019
41697
21679
15411
64166
55375
48058
18968
62872
5737
14590
46157
5446
39025
60466
1146
62813
40362
53313
33485
60188
32398
7043
33686
44749
11715
39627
20282
15627
24291
49140
22646
453
5283
38057
64619
60658
20579
18051
57994
26316
32642
38616
31762
6131
33546
32908
3408
8372
20685
36894
3024
53083
43937
36711
32296
55652
10802
52579
5743
35093
36183
28390
35546
41466
911
34629
36589
21491
52681
29047
47807
19787
2127
14034
25918
35674
46942
29327
44046
2092
685
47071
55175
44622
18246
21936
34738
29048
8979
40482
64141
45162
3336
34152
21092
4247
3245
57681
25738
55926
21193
8010
10177
23320
22044
36096
58994
3450
65423
37505
5542
572
19040
60718
45194
37286
17118
14396
798
26097
54878
64939
5723
58214
33555
26815
62462
36801
18961
22664
27191
40154
30674
37369
63474
52718
7929
56933
56169
7816
28902
61711
8388
47942
56893
53582
19692
8475
2442
20490
34572
57321
19893
40295
49999
53449
1575
46925
24714
20536
4054
51905
60690
34728
23738
58628
21911
31667
50025
12544
39483
13391
8719
47871
61333
77
35917
15489
8552
38360
35979
43125
30145
55873
17884
14608
43786
19459
61534
2964
39995
52
54869
35149
34780
13072
28242
56691
44739
12731
3699
18687
26123
12419
1022
21920
12496
36940
37410
21048
9764
7853
64173
39909
63726
16522
54517
41976
35981
50515
44940
10441
50567
34274
45590
19812
47346
8296
10967
26549
21028
14667
45236
47151
27086
46259
3535
39582
17663
40945
60630
27427
48799
59268
1800
46989
10254
56317
23430
46235
41297
2834
56676
26328
37108
36731
46140
18918
45027
57108
45468
519
6239
25168
47670
33325
5891
51206
7371
23554
26615
2465
50981
9878
61733
52781
56868
6451
43563
14762
52687
19324
17596
43827
45652
54705
15022
26257
8087
60050
17829
53555
60569
24068
13188
42704
57393
19079
28374
64764
42634
54989
1693
28079
64868
63427
15325
56200
4342
58888
5426
57029
12676
23022
35321
58328
12191
50343
19049
20279
44857
36878
8298
39891
60946
21486
17059
52803
40566
45433
52031
17664
34886
53725
45743
34218
51616
61068
24882
55958
54420
30308
47452
1560
53331
17237
59889
65522
2044
13402
20265
46902
50281
28564
21257
45691
50050
38316
32959
25080
18213
19454
42744
53099
7643
22952
21782
59259
18484
46664
49682
7369
11437
31598
8929
64768
48835
3282
64754
50879
16685
19484
32245
1430
48048
53502
47121
32562
26282
14544
57643
44495
33999
34851
32059
41642
57803
53841
35366
10752
34969
19512
18121
46406
51110
27050
45638
34409
30333
44857
19752
47018
64341
51998
48448
46853
39964
30033
13879
711
44578
5986
45206
13041
40838
11729
54683
33105
34
24513
43857
35004
44025
61978
15874
29599
23493
61513
64008
53826
40834
18225
35308
39639
4687
18220
20956
44651
48253
34835
45362
27295
40822
25033
40336
16124
36762
29484
49229
36797
53997
27551
6265
32487
23993
22139
62086
47486
18116
60559
35776
58950
13248
5548
33053
17935
23768
54009
62586
6486
23309
42413
33781
64131
1910
8582
14719
38672
38066
63948
9933
26527
25963
16198
59014
49957
38338
55565
31907
56454
50588
2148
49869
63836
7696
17386
16235
31465
5860
13285
37951
29169
55698
6196
27764
57608
14778
42483
30745
52844
40895
40678
13836
1323
56877
7314
51280
29679
62879
17651
20597
47931
19799
4930
46231
27496
22317
62466
58961
28177
10216
31376
57346
378
37572
19574
57987
52351
62057
23196
39659
37416
63874
53495
38739
55215
60810
24483
19358
58153
42135
39956
40549
61934
44886
21244
23894
1667
18175
17319
29844
28391
48695
21654
28769
20732
41228
21220
7547
37749
44416
47206
9630
42755
35166
48369
32434
30440
7317
51793
23057
49452
26213
63606
45850
5563
19315
4209
7231
37490
21528
37075
345
4688
58730
29114
